pair_id,participant_id,liking_pre,liking_post,laughter_group,interaction_group,big_5_openness,big_5_conscientiousness,big_5_extraversion,big_5_agreeableness,big_5_neuroticism,joint_action_performance,coherence_ch1,coherence_ch2,coherence_ch3,coherence_ch4,coherence_ch5,coherence_ch6,coherence_ch7,coherence_ch8,coherence_ch9,coherence_ch10
1,A,5.18897028411847,2.013610378432987,laughter,control,45.031409673273785,50.25571336409433,46.896543840440145,38.3110373425828,67.01696208533461,-2.9955736917598488,0.3745401188473625,0.9507143064099162,0.7319939418114051,0.5986584841970366,0.15601864044243652,0.15599452033620265,0.05808361216819946,0.8661761457749352,0.6011150117432088,0.7080725777960455
1,B,4.216578198064722,2.6715420341917517,laughter,control,53.878448815304665,35.89149469594217,51.156848219945296,42.574856491430594,63.83145000872275,-2.9955736917598488,0.3745401188473625,0.9507143064099162,0.7319939418114051,0.5986584841970366,0.15601864044243652,0.15599452033620265,0.05808361216819946,0.8661761457749352,0.6011150117432088,0.7080725777960455
2,A,2.8571656977179662,2.062062905660481,control,control,56.58705125709754,32.91496720431492,37.490036690181526,40.717305485835496,34.66251274290164,0.502724420584889,0.020584494295802447,0.9699098521619943,0.8324426408004217,0.21233911067827616,0.18182496720710062,0.18340450985343382,0.3042422429595377,0.5247564316322378,0.43194501864211576,0.2912291401980419
2,B,5.882770118241692,1.5322152025423337,control,control,40.90842382914876,60.103450029415775,76.05977466959519,55.94368808923169,58.611276689586006,0.502724420584889,0.020584494295802447,0.9699098521619943,0.8324426408004217,0.21233911067827616,0.18182496720710062,0.18340450985343382,0.3042422429595377,0.5247564316322378,0.43194501864211576,0.2912291401980419
3,A,5.108387035323275,1.7238152266036049,laughter,interaction,66.42096171107443,59.62790690350694,42.67059881221124,60.40205928223662,62.65197251623699,-6.7733525608146286,0.6118528947223795,0.13949386065204183,0.29214464853521815,0.3663618432936917,0.45606998421703593,0.7851759613930136,0.19967378215835974,0.5142344384136116,0.5924145688620425,0.046450412719997725
3,B,1.9757016360693478,3.7646726081963546,laughter,interaction,49.61187717279974,51.72558429634359,46.385392752405686,49.05246626421597,55.59359208728331,-6.7733525608146286,0.6118528947223795,0.13949386065204183,0.29214464853521815,0.3663618432936917,0.45606998421703593,0.7851759613930136,0.19967378215835974,0.5142344384136116,0.5924145688620425,0.046450412719997725
4,A,6.465563106963055,2.238002310434755,control,control,50.87035228146672,67.16657776454724,41.80735606445197,52.29627930163653,46.64587856305809,2.4995317352084028,0.6075448519014384,0.17052412368729153,0.06505159298527952,0.9488855372533332,0.9656320330745594,0.8083973481164611,0.3046137691733707,0.09767211400638387,0.6842330265121569,0.4401524937396013
4,B,5.9352234575390135,3.1856191662884528,control,control,40.526586200578755,54.40968181861269,56.1570874916454,48.475286448949035,74.13393915117136,2.4995317352084028,0.6075448519014384,0.17052412368729153,0.06505159298527952,0.9488855372533332,0.9656320330745594,0.8083973481164611,0.3046137691733707,0.09767211400638387,0.6842330265121569,0.4401524937396013
5,A,6.698799479751544,4.020503625129141,laughter,interaction,42.20573804122467,62.49805319411215,48.03997368757669,41.89224080107015,56.514092809270224,0.20712639486636963,0.12203823484477883,0.4951769101112702,0.034388521115218396,0.9093204020787821,0.2587799816000169,0.662522284353982,0.31171107608941095,0.5200680211778108,0.5467102793432796,0.18485445552552704
5,B,5.35431705033016,5.142368971776191,laughter,interaction,28.03485399167991,54.203245871845205,40.36192489902782,58.622630247968786,69.76544273728229,0.20712639486636963,0.12203823484477883,0.4951769101112702,0.034388521115218396,0.9093204020787821,0.2587799816000169,0.662522284353982,0.31171107608941095,0.5200680211778108,0.5467102793432796,0.18485445552552704
6,A,4.680491175614739,1.2358728390465936,laughter,interaction,50.55155876418612,47.24190434398008,56.56883366224343,56.52534693759479,63.51478429473507,-3.691695792848217,0.9695846277645586,0.7751328233611146,0.9394989415641891,0.8948273504276488,0.5978999788110851,0.9218742350231168,0.0884925020519195,0.1959828624191452,0.045227288910538066,0.32533033076326434
6,B,3.5094582177437132,5.796462393454256,laughter,interaction,75.05689209641972,39.424687485666574,57.91649147922791,31.074540146960363,54.641346602233035,-3.691695792848217,0.9695846277645586,0.7751328233611146,0.9394989415641891,0.8948273504276488,0.5978999788110851,0.9218742350231168,0.0884925020519195,0.1959828624191452,0.045227288910538066,0.32533033076326434
7,A,6.59637090012408,4.767402336945446,laughter,interaction,39.81380551895513,43.96563745097237,49.33123675522733,47.16890998764747,44.20299088526372,-5.284055460325855,0.388677289689482,0.2713490317738959,0.8287375091519293,0.3567533266935893,0.28093450968738076,0.5426960831582485,0.14092422497476265,0.8021969807540397,0.07455064367977082,0.9868869366005173
7,B,6.19638333700245,1.4905541916932314,laughter,interaction,79.76196928154972,47.428777287527815,43.36374048617923,41.179726587925714,49.758951218474984,-5.284055460325855,0.388677289689482,0.2713490317738959,0.8287375091519293,0.3567533266935893,0.28093450968738076,0.5426960831582485,0.14092422497476265,0.8021969807540397,0.07455064367977082,0.9868869366005173
8,A,1.2713120206371364,6.241471744640664,control,control,64.14251262612413,63.63153102106705,71.91066005559718,46.09061430334775,47.780875472064466,10.515502311600901,0.7722447692966574,0.1987156815341724,0.005522117123602399,0.8154614284548342,0.7068573438476171,0.7290071680409873,0.7712703466859457,0.07404465173409036,0.3584657285442726,0.11586905952512971
8,B,1.158201846983512,6.525234403190879,control,control,45.264112190228914,57.699195585296636,53.40067630525231,43.29568432953741,37.854810443507304,10.515502311600901,0.7722447692966574,0.1987156815341724,0.005522117123602399,0.8154614284548342,0.7068573438476171,0.7290071680409873,0.7712703466859457,0.07404465173409036,0.3584657285442726,0.11586905952512971
9,A,3.258780201268298,1.3664677591291825,control,interaction,50.27264704818879,53.30319068242616,37.25931015046676,49.535796292586,56.50281574959703,9.576201283209588,0.8631034258755935,0.6232981268275579,0.3308980248526492,0.06355835028602363,0.3109823217156622,0.32518332202674705,0.7296061783380641,0.6375574713552131,0.8872127425763265,0.4722149251619493
9,B,5.863319984690998,2.6612658888832224,control,interaction,48.64899692085063,58.70009907564075,64.14040461002769,46.70085264866526,65.6735300195941,9.576201283209588,0.8631034258755935,0.6232981268275579,0.3308980248526492,0.06355835028602363,0.3109823217156622,0.32518332202674705,0.7296061783380641,0.6375574713552131,0.8872127425763265,0.4722149251619493
10,A,6.9236567758896665,5.837207678758368,control,interaction,67.06163973397712,55.27383715692483,41.442252505874286,46.48859306179161,47.01696505448553,0.2625333356613524,0.1195942459383017,0.713244787222995,0.7607850486168974,0.5612771975694962,0.770967179954561,0.49379559636439074,0.5227328293819941,0.42754101835854963,0.02541912674409519,0.10789142699330445
10,B,1.902501346621169,5.48955814230195,control,interaction,55.1701573011796,52.61937611106826,77.41878340269916,61.07388428338713,71.63656499224737,0.2625333356613524,0.1195942459383017,0.713244787222995,0.7607850486168974,0.5612771975694962,0.770967179954561,0.49379559636439074,0.5227328293819941,0.42754101835854963,0.02541912674409519,0.10789142699330445
11,A,4.564784292112811,2.107126116138264,control,control,61.819740486218144,35.01340598493045,50.796578575275866,55.571786606692484,34.42417214138266,0.6601441863032094,0.03142918568673425,0.6364104112637804,0.3143559810763267,0.5085706911647028,0.907566473926093,0.24929222914887494,0.41038292303562973,0.7555511385430487,0.22879816549162246,0.07697990982879299
11,B,3.285345139786129,2.256095940020262,control,control,53.58171845361348,61.39157572861677,60.13316036055353,42.96105349699566,60.54363548387204,0.6601441863032094,0.03142918568673425,0.6364104112637804,0.3143559810763267,0.5085706911647028,0.907566473926093,0.24929222914887494,0.41038292303562973,0.7555511385430487,0.22879816549162246,0.07697990982879299
12,A,6.819486386887619,3.222832616748292,control,control,48.880274794053825,45.414881524735236,29.19982439153099,44.44453267186579,66.7152023540541,-0.07225583415918191,0.289751452913768,0.16122128725400442,0.9296976523425731,0.808120379564417,0.6334037565104235,0.8714605901877177,0.8036720768991145,0.18657005888603584,0.8925589984899778,0.5393422419156507
12,B,6.052713538814253,3.907137911146128,control,control,53.26423365070714,60.88540277622545,37.15859115910037,54.91793055399613,47.959694190189396,-0.07225583415918191,0.289751452913768,0.16122128725400442,0.9296976523425731,0.808120379564417,0.6334037565104235,0.8714605901877177,0.8036720768991145,0.18657005888603584,0.8925589984899778,0.5393422419156507
13,A,6.029972228266827,4.709528629181776,control,interaction,45.93055766127919,61.852102915108894,63.338596197607146,54.90419571702766,48.13943494857119,1.5235762990910247,0.8074401551640625,0.8960912999234932,0.3180034749718639,0.11005192452767676,0.22793516254194168,0.4271077886262563,0.8180147659224931,0.8607305832563434,0.006952130531190703,0.5107473025775657
13,B,3.812158958769822,3.2134818374186347,control,interaction,35.47795956529102,43.29960806444653,53.17815065629137,43.96219760937931,60.427651758444014,1.5235762990910247,0.8074401551640625,0.8960912999234932,0.3180034749718639,0.11005192452767676,0.22793516254194168,0.4271077886262563,0.8180147659224931,0.8607305832563434,0.006952130531190703,0.5107473025775657
14,A,3.488917014025991,3.7752082967988874,laughter,control,58.13688575956651,59.497160805959375,70.42396422714073,47.660093330978356,55.05991109959535,-6.647025393101334,0.417411003148779,0.22210781047073025,0.1198653673336828,0.33761517140362796,0.9429097039125192,0.32320293202075523,0.5187906217433661,0.7030189588951778,0.363629602379294,0.9717820827209607
14,B,2.6404424315842374,5.48482562880254,laughter,control,34.98835551656913,46.39012520744102,54.85175105229589,68.46806040086969,30.02588656540493,-6.647025393101334,0.417411003148779,0.22210781047073025,0.1198653673336828,0.33761517140362796,0.9429097039125192,0.32320293202075523,0.5187906217433661,0.7030189588951778,0.363629602379294,0.9717820827209607
15,A,1.3382529799055627,1.2200992173435874,control,control,47.311658232048245,46.44967672353276,51.452962397410396,44.13451911478657,41.56626845460619,2.802895438457855,0.9624472949421112,0.25178229582536416,0.49724850589238545,0.30087830981676966,0.2848404943774676,0.036886947354532795,0.6095643339798968,0.5026790232288615,0.05147875124998935,0.27864646423661144
15,B,6.188334257530319,2.5146216660641247,control,control,45.60135712384582,52.574732345826575,67.13573990822205,69.10804588458785,49.864504519525404,2.802895438457855,0.9624472949421112,0.25178229582536416,0.49724850589238545,0.30087830981676966,0.2848404943774676,0.036886947354532795,0.6095643339798968,0.5026790232288615,0.05147875124998935,0.27864646423661144
16,A,5.877406054780465,5.280097515307315,control,control,56.4335393105407,52.844725891695404,60.10136999225445,61.036669425258054,36.303018203149335,-9.99265992263624,0.9082658859666537,0.23956189066697242,0.1448948720912231,0.489452760277563,0.9856504541106007,0.2420552715115004,0.6721355474058786,0.7616196153287176,0.23763754399239967,0.7282163486118596
16,B,6.998306039716784,6.3712410261231955,control,control,65.64704584933529,50.38551515350892,48.037388007237105,67.25416275055466,45.25825683570096,-9.99265992263624,0.9082658859666537,0.23956189066697242,0.1448948720912231,0.489452760277563,0.9856504541106007,0.2420552715115004,0.6721355474058786,0.7616196153287176,0.23763754399239967,0.7282163486118596
17,A,6.979821022443432,4.070064652693997,control,interaction,62.04970647300748,36.65711984444043,39.05895899501553,43.70928027930571,36.553145747560656,-5.574228839580194,0.3677831327192532,0.6323058305935795,0.6335297107608947,0.5357746840747585,0.0902897700544083,0.835302495589238,0.32078006497173583,0.18651851039985423,0.040775141554763916,0.5908929431882418
17,B,4.332590233615765,4.192680911591894,control,interaction,56.72425018895093,48.78553360515661,26.28384335234506,48.31444125937239,46.298293694466096,-5.574228839580194,0.3677831327192532,0.6323058305935795,0.6335297107608947,0.5357746840747585,0.0902897700544083,0.835302495589238,0.32078006497173583,0.18651851039985423,0.040775141554763916,0.5908929431882418
18,A,5.613924491083063,1.6430320680386563,laughter,interaction,43.70128354379218,72.78478728188406,45.62334330197295,45.50836191224437,46.63377272678839,1.1517602183012512,0.6775643618422824,0.016587828927856152,0.512093058299281,0.22649577519793795,0.6451727904094499,0.17436642900499144,0.690937738102466,0.3867353463005374,0.9367299887367345,0.13752094414599325
18,B,6.668594379294568,3.684474200940728,laughter,interaction,48.16530846403536,22.15995771197978,38.13664904778628,61.26753191926203,53.517546765937134,1.1517602183012512,0.6775643618422824,0.016587828927856152,0.512093058299281,0.22649577519793795,0.6451727904094499,0.17436642900499144,0.690937738102466,0.3867353463005374,0.9367299887367345,0.13752094414599325
19,A,6.097884344064469,4.195703598730139,control,interaction,46.70726292944182,58.69740440228413,75.97704643234384,44.3231622732791,49.08240676000499,3.9400459877705574,0.3410663510502585,0.11347352124058907,0.9246936182785628,0.877339353380981,0.2579416277151556,0.659984046034179,0.8172222002012158,0.5552008115994623,0.5296505783560065,0.24185229090045168
19,B,2.484088610459186,2.454823021808378,control,interaction,45.29718553270556,60.57124933356309,43.49629055929973,57.31215493342874,55.02789721040756,3.9400459877705574,0.3410663510502585,0.11347352124058907,0.9246936182785628,0.877339353380981,0.2579416277151556,0.659984046034179,0.8172222002012158,0.5552008115994623,0.5296505783560065,0.24185229090045168
20,A,3.703264811860561,2.615459385696286,control,interaction,45.975488913731624,36.41652280713848,43.22290994374955,56.78299411192041,53.83544007473922,-4.914684895554764,0.09310276780589921,0.8972157579533268,0.9004180571633305,0.6331014572732679,0.3390297910487007,0.3492095746126609,0.7259556788702394,0.8971102599525771,0.8870864242651173,0.7798755458576239
20,B,1.77495649090897,3.263704978627736,control,interaction,45.70861964932409,45.30561086590454,34.787551254113545,49.519704692858234,60.3133999426431,-4.914684895554764,0.09310276780589921,0.8972157579533268,0.9004180571633305,0.6331014572732679,0.3390297910487007,0.3492095746126609,0.7259556788702394,0.8971102599525771,0.8870864242651173,0.7798755458576239
21,A,6.724306163552335,1.1204271866663582,control,interaction,45.26573807299504,39.99282842056655,47.33682671477297,62.98659734164335,58.73783040960116,-3.388471301857713,0.6420316461542878,0.08413996499504883,0.16162871409461377,0.8985541885270792,0.6064290596595899,0.009197051616629648,0.1014715428660321,0.6635017691080558,0.005061583846218687,0.16080805141749865
21,B,4.63704780670528,2.9324749934990697,control,interaction,59.51883018028554,68.53965377311879,43.354650703577875,51.07679869726605,57.68123835134717,-3.388471301857713,0.6420316461542878,0.08413996499504883,0.16162871409461377,0.8985541885270792,0.6064290596595899,0.009197051616629648,0.1014715428660321,0.6635017691080558,0.005061583846218687,0.16080805141749865
22,A,2.371856833020776,2.268688041979268,laughter,control,39.45363111133908,61.03025266777783,67.3772942874446,58.34085718608303,81.04867428466721,-2.063807571022898,0.5487337893665861,0.6918951976926933,0.6519612595026005,0.22426930946055978,0.7121792213475359,0.23724908749680007,0.3253996981592677,0.7464914051180241,0.6496328990472147,0.8492234104941779
22,B,5.03020410643514,2.964984113067488,laughter,control,42.705258976961694,61.51425374464732,51.68476159414985,45.05296631082217,53.47402636642329,-2.063807571022898,0.5487337893665861,0.6918951976926933,0.6519612595026005,0.22426930946055978,0.7121792213475359,0.23724908749680007,0.3253996981592677,0.7464914051180241,0.6496328990472147,0.8492234104941779
23,A,4.708769442747375,1.7185727909155073,laughter,interaction,34.16593278960488,51.20647225994795,49.911359773436224,42.76563185893175,75.93571503858861,-0.4130162054634595,0.6576128923003434,0.5683086033354716,0.09367476782809248,0.3677158030594335,0.26520236768172545,0.24398964337908358,0.9730105547524456,0.3930977246667604,0.8920465551771133,0.6311386259972629
23,B,3.148976308197043,6.34316368443937,laughter,interaction,64.15482802510849,63.12091949749643,48.65327245917402,57.31145529257608,54.122184022439335,-0.4130162054634595,0.6576128923003434,0.5683086033354716,0.09367476782809248,0.3677158030594335,0.26520236768172545,0.24398964337908358,0.9730105547524456,0.3930977246667604,0.8920465551771133,0.6311386259972629
24,A,1.6813455531977741,4.561554721324292,laughter,control,42.03497041342413,49.91763432937922,57.861749201892025,54.308402443337485,49.17149085194108,0.45785712651284327,0.7948113035416484,0.5026370931051921,0.5769038846263591,0.4925176938188639,0.1952429877980445,0.7224521152615053,0.2807723624408558,0.02431596643145384,0.6454722959071678,0.17711067940704894
24,B,5.029439173556797,5.074613914866937,laughter,control,56.607752317221404,63.59157627210558,45.476718343654994,52.433076641283655,46.26834817786803,0.45785712651284327,0.7948113035416484,0.5026370931051921,0.5769038846263591,0.4925176938188639,0.1952429877980445,0.7224521152615053,0.2807723624408558,0.02431596643145384,0.6454722959071678,0.17711067940704894
25,A,4.121846205422759,5.7350274316440295,laughter,interaction,54.75318860212307,48.5130357588778,56.672060935318385,46.56311652062217,65.09725798448429,4.6999606266393394,0.9404585843529143,0.9539285770025874,0.9148643902204485,0.3701587002554444,0.015456616528867428,0.9283185625877254,0.42818414831731433,0.9666548190436696,0.9636199770892528,0.8530094554673601
25,B,5.633910350413836,3.9906531935743437,laughter,interaction,63.18838621090771,43.20758083286561,66.13969820727445,65.49209476526303,66.40503392887938,4.6999606266393394,0.9404585843529143,0.9539285770025874,0.9148643902204485,0.3701587002554444,0.015456616528867428,0.9283185625877254,0.42818414831731433,0.9666548190436696,0.9636199770892528,0.8530094554673601
26,A,4.12098100667196,1.5215217285245421,control,control,47.89983301624906,68.10950266331943,54.60075010299647,38.834141957461526,55.99783855964729,-2.78210370739085,0.2944488920695857,0.38509772860192526,0.8511366715168569,0.31692200515627766,0.1694927466860925,0.5568012624583502,0.936154774160781,0.696029796674973,0.570061170089365,0.09717649377076854
26,B,6.1130890019112405,4.2226392509112864,control,control,40.52460212714088,49.79151239334864,47.50268717174865,38.28656990269028,61.33546774502706,-2.78210370739085,0.2944488920695857,0.38509772860192526,0.8511366715168569,0.31692200515627766,0.1694927466860925,0.5568012624583502,0.936154774160781,0.696029796674973,0.570061170089365,0.09717649377076854
27,A,4.311441032646913,4.521046708125275,control,interaction,34.44250024128372,41.01200091757536,40.46540829028099,59.421665051638286,37.22779534076917,1.5623768276820649,0.6150072266991697,0.9900538501042633,0.14008401523652403,0.5183296523637367,0.8773730719279554,0.7407686177542044,0.697015740995268,0.7024840839871093,0.35949115121975517,0.29359184426449336
27,B,4.365627829212317,5.4726368451059795,control,interaction,22.153643552179,40.90366102510028,47.248760136529256,58.6009638414307,34.51220177487788,1.5623768276820649,0.6150072266991697,0.9900538501042633,0.14008401523652403,0.5183296523637367,0.8773730719279554,0.7407686177542044,0.697015740995268,0.7024840839871093,0.35949115121975517,0.29359184426449336
28,A,6.25992161595007,3.589957277378076,control,control,51.61353225878903,40.93421326980959,55.63078873972571,53.53762778991868,62.46326885797454,1.8385765596947055,0.8093611554785136,0.8101133946791808,0.8670723185801037,0.9132405525564713,0.5113423988609378,0.5015162946871996,0.7982951789667752,0.6499639307777652,0.7019668772577033,0.795792669436101
28,B,3.4208971972743822,1.7654818167733826,control,control,57.75472572488914,58.44442351029369,34.674726580826785,47.12047778097194,48.731885020969784,1.8385765596947055,0.8093611554785136,0.8101133946791808,0.8670723185801037,0.9132405525564713,0.5113423988609378,0.5015162946871996,0.7982951789667752,0.6499639307777652,0.7019668772577033,0.795792669436101
29,A,1.8040913707038444,2.702655434792347,control,control,54.716881051978405,49.01137122954784,58.31542757709283,55.02422129190412,57.49302417397503,1.9273829374324334,0.8900053418175663,0.3379951568515358,0.375582952639944,0.093981939840869,0.578280140996174,0.035942273796742086,0.46559801813246016,0.5426446347075766,0.2865412521282844,0.5908332605690108
29,B,1.1726960578800338,3.1784937783918106,control,control,34.70235696827192,72.97958975997082,52.07612688228065,67.20830297119534,42.82712050043922,1.9273829374324334,0.8900053418175663,0.3379951568515358,0.375582952639944,0.093981939840869,0.578280140996174,0.035942273796742086,0.46559801813246016,0.5426446347075766,0.2865412521282844,0.5908332605690108
30,A,5.530823534041714,4.875503447989607,control,interaction,60.38826145111929,61.8617818232412,48.50810840241281,75.15546207874225,66.56988469704775,-1.6897612764219523,0.03050024993904943,0.03734818874921442,0.8226005606596583,0.3601906414112629,0.12706051265188478,0.5222432600548044,0.7699935530986108,0.21582102749684318,0.6228904758190003,0.085347464993768
30,B,4.7218573081207875,4.424669828013471,control,interaction,43.017839716846474,52.57138130093971,43.40586588548997,33.43586294524843,34.59581328110964,-1.6897612764219523,0.03050024993904943,0.03734818874921442,0.8226005606596583,0.3601906414112629,0.12706051265188478,0.5222432600548044,0.7699935530986108,0.21582102749684318,0.6228904758190003,0.085347464993768
31,A,5.224478608595342,3.1365803553870775,laughter,interaction,40.93096505858246,64.03897541198283,45.23622299030633,45.81079880751454,36.144149135173116,1.3800819203638919,0.0516817211686077,0.531354631568148,0.5406351216101065,0.6374299014982066,0.7260913337226615,0.9758520794625346,0.5163003483011953,0.32295647294124596,0.7951861947687037,0.2708322512620742
31,B,2.2777849690534646,6.919091492757878,laughter,interaction,42.79367764696816,45.04492663530517,55.97306041465308,45.18226737015161,64.44311583712344,1.3800819203638919,0.0516817211686077,0.531354631568148,0.5406351216101065,0.6374299014982066,0.7260913337226615,0.9758520794625346,0.5163003483011953,0.32295647294124596,0.7951861947687037,0.2708322512620742
32,A,1.8182288535206186,4.634648916141323,laughter,control,50.78408922506077,31.452141958406944,48.71788473904889,66.26519471699682,23.901582070170996,3.9800661569460174,0.4389714207056361,0.07845638134226596,0.02535074341545751,0.9626484146779251,0.8359801205122058,0.695974206093698,0.4089529444142699,0.17329432007084578,0.15643704267108605,0.25024289816459533
32,B,1.0872679940072916,2.423360750415967,laughter,control,35.15298428482928,40.1041694242526,44.9886003272143,25.187050134347984,53.785688680949164,3.9800661569460174,0.4389714207056361,0.07845638134226596,0.02535074341545751,0.9626484146779251,0.8359801205122058,0.695974206093698,0.4089529444142699,0.17329432007084578,0.15643704267108605,0.25024289816459533
33,A,3.103525352839582,1.6106948357224224,laughter,control,49.62964086280882,51.47207829369603,54.68563493371522,55.13835193065546,48.92674004403423,4.444686450972596,0.5492266647061205,0.7145959227000623,0.6601973767177313,0.27993389694594284,0.9548652806631941,0.7378969166957685,0.5543540525114007,0.6117207462343522,0.4196000624277899,0.24773098950115746
33,B,4.539506121127799,1.9171548351059922,laughter,control,54.29448245383669,47.7745852782886,55.0818977749213,47.431896915809666,42.6404808079997,4.444686450972596,0.5492266647061205,0.7145959227000623,0.6601973767177313,0.27993389694594284,0.9548652806631941,0.7378969166957685,0.5543540525114007,0.6117207462343522,0.4196000624277899,0.24773098950115746
34,A,3.353464270598394,2.475746370307049,control,interaction,61.07323896243615,58.24415388257461,37.50824938675952,66.3811274954764,48.00060151409631,8.588032606345031,0.3559726786512616,0.7578461104643691,0.014393488629755868,0.11607264050691624,0.04600264202175275,0.040728802318970136,0.8554605840110072,0.7036578593800237,0.4741738290873252,0.09783416065100148
34,B,3.6248495321423744,1.964088239557334,control,interaction,51.75956657221244,48.75386218656531,55.714806965769846,65.0103884000446,41.5247650691019,8.588032606345031,0.3559726786512616,0.7578461104643691,0.014393488629755868,0.11607264050691624,0.04600264202175275,0.040728802318970136,0.8554605840110072,0.7036578593800237,0.4741738290873252,0.09783416065100148
35,A,6.42495216696249,2.1194021443078346,laughter,interaction,36.60371501806209,57.48034725961725,75.01698212860443,53.655067348266925,65.42255946048499,-3.804901876022211,0.49161587511683236,0.4734717707805657,0.17320186991001518,0.43385164923797304,0.39850473439737344,0.6158500980522165,0.6350936508676438,0.04530400977204452,0.3746126146264712,0.6258599157142364
35,B,3.089532802139802,2.710571012163083,laughter,interaction,51.48890227652224,65.0097163056429,54.696207893755044,34.20276929288203,68.04497088361609,-3.804901876022211,0.49161587511683236,0.4734717707805657,0.17320186991001518,0.43385164923797304,0.39850473439737344,0.6158500980522165,0.6350936508676438,0.04530400977204452,0.3746126146264712,0.6258599157142364
36,A,4.083936934958865,2.040241571768529,laughter,control,39.3974172605388,48.72304149389228,33.00992795156333,44.26110517664867,43.14262413211655,-2.9466879458111945,0.5031362585800877,0.8564898411883223,0.658693631618945,0.1629344270814297,0.07056874740042984,0.6424192782063156,0.026511310541621813,0.5857755812734633,0.9402302414249576,0.575474177875879
36,B,5.701918076446859,6.3805925477585514,laughter,control,38.8205484363305,55.55145288711121,51.77375391839546,45.35608923386262,52.75524877468531,-2.9466879458111945,0.5031362585800877,0.8564898411883223,0.658693631618945,0.1629344270814297,0.07056874740042984,0.6424192782063156,0.026511310541621813,0.5857755812734633,0.9402302414249576,0.575474177875879
37,A,3.379256693927621,1.4814024739698533,laughter,control,36.37296396460021,32.45213159424766,31.69184625806315,36.73545205546535,36.74923529063953,-7.482558093422779,0.3881699262065219,0.6432882184423532,0.45825289049151663,0.5456167893159349,0.9414648087765252,0.38610263780077425,0.9611905638239142,0.9053506419560637,0.19579113478929644,0.06936130087516545
37,B,4.732520201367241,4.147068337421528,laughter,control,30.88746320105976,48.76106021259441,81.6737167206416,61.5458428185937,60.730521590031266,-7.482558093422779,0.3881699262065219,0.6432882184423532,0.45825289049151663,0.5456167893159349,0.9414648087765252,0.38610263780077425,0.9611905638239142,0.9053506419560637,0.19579113478929644,0.06936130087516545
38,A,6.174182252480471,3.462380961937969,laughter,control,44.32836832064605,37.680418742539786,72.35674686984474,35.46573502725594,60.47009174643314,5.285982620950828,0.10077800137742665,0.018221825651549728,0.0944429607559284,0.6830067734163568,0.07118864846022899,0.3189756302937613,0.8448753109694546,0.023271935735825866,0.8144684825889358,0.28185477477339993
38,B,6.697123741945853,6.894271701451638,laughter,control,61.288887430469075,51.45226777129347,43.340615172046036,69.65327508453711,47.047377672923105,5.285982620950828,0.10077800137742665,0.018221825651549728,0.0944429607559284,0.6830067734163568,0.07118864846022899,0.3189756302937613,0.8448753109694546,0.023271935735825866,0.8144684825889358,0.28185477477339993
39,A,1.8824408855742276,1.672233413008314,control,control,72.56484015427542,52.35999756677331,27.54332801006164,69.62822634045459,50.16885058419896,-3.3965129147108684,0.11816482762165625,0.6967371653641506,0.628942846779884,0.877472013527053,0.7350710438038858,0.8034809303848486,0.2820345725713065,0.17743954377972282,0.7506147516408583,0.806834739267264
39,B,6.559525750968966,3.3871335942744496,control,control,44.264148416599056,52.326763579137946,41.216288129072154,46.14939738140494,49.06234550477329,-3.3965129147108684,0.11816482762165625,0.6967371653641506,0.628942846779884,0.877472013527053,0.7350710438038858,0.8034809303848486,0.2820345725713065,0.17743954377972282,0.7506147516408583,0.806834739267264
40,A,3.952697758477229,6.816822599652213,control,interaction,60.86105526769656,45.19877410203706,48.19009261060276,53.284953701298164,33.81542166319724,0.9087758599033433,0.9905051420006733,0.4126176769114265,0.37201808579278317,0.7764129607419968,0.34080354025301784,0.9307573256035647,0.8584127518430118,0.42899402737501835,0.7508710677914974,0.7545428740846823
40,B,2.5494663297937503,6.193042755363882,control,interaction,46.05417681763405,72.98468861734833,32.381362579602616,49.27716521929576,65.46004147600127,0.9087758599033433,0.9905051420006733,0.4126176769114265,0.37201808579278317,0.7764129607419968,0.34080354025301784,0.9307573256035647,0.8584127518430118,0.42899402737501835,0.7508710677914974,0.7545428740846823
41,A,3.754814537429568,5.90243242569568,laughter,control,33.492642805514386,37.31978488356932,49.309774850037726,59.018248003616904,42.33046761117569,-3.220019474173617,0.10312386883593261,0.9025529066795667,0.5052523724478571,0.8264574661077416,0.32004960103061175,0.8955232284962005,0.3892016787341631,0.01083765148029836,0.9053819764192637,0.09128667678613356
41,B,6.880195451712862,2.547416962269639,laughter,control,57.009422614460775,36.70854172838484,48.124213357297485,62.74677338564759,42.39850727742079,-3.220019474173617,0.10312386883593261,0.9025529066795667,0.5052523724478571,0.8264574661077416,0.32004960103061175,0.8955232284962005,0.3892016787341631,0.01083765148029836,0.9053819764192637,0.09128667678613356
42,A,3.9557085639572174,2.0253255243403947,laughter,interaction,52.348140867955664,66.54978375736584,51.25154697062889,52.579969921200664,48.49580145538167,-1.2676092257752338,0.31931363759041487,0.9500619670508049,0.9506071469375561,0.5734378881232861,0.6318372121697993,0.44844552197831977,0.29321077169806453,0.32866454536991596,0.6725184560770384,0.75237452943768
42,B,2.9725096617250495,5.011859319546586,laughter,interaction,68.18019607961115,42.95720869410107,52.2964517693798,54.69116709781063,59.95548585362279,-1.2676092257752338,0.31931363759041487,0.9500619670508049,0.9506071469375561,0.5734378881232861,0.6318372121697993,0.44844552197831977,0.29321077169806453,0.32866454536991596,0.6725184560770384,0.75237452943768
43,A,4.800405125900355,6.5762559347655145,control,control,34.65321518017244,40.553093124635694,40.343824001228484,43.793957360604836,44.08696784907969,5.711123991239549,0.7915790437258485,0.7896181427945539,0.09120610304869037,0.49442030470258147,0.057558760016644284,0.5495288823237355,0.441530501373377,0.8877041827582998,0.3509150125520787,0.11706701642760586
43,B,2.440873712669158,4.3405773580835785,control,control,77.96032708335277,73.02911897723112,41.46585960250346,54.367139668903384,30.478147785965557,5.711123991239549,0.7915790437258485,0.7896181427945539,0.09120610304869037,0.49442030470258147,0.057558760016644284,0.5495288823237355,0.441530501373377,0.8877041827582998,0.3509150125520787,0.11706701642760586
44,A,1.4551799686519835,4.429676136819399,laughter,control,65.91717323188156,59.85722716823564,50.4559216447005,51.627620789239806,41.13001939270466,3.689310301521584,0.14299168205283586,0.7615106317174722,0.6182180633162611,0.10112267612279024,0.08410680611499743,0.70096913145912,0.07276300636419353,0.8218600592903562,0.7062422271564962,0.08134878064189976
44,B,1.7732783314638954,2.679874561961705,laughter,control,49.82076426438146,44.05535451861778,43.690078701260525,40.882055112486434,54.24140419078991,3.689310301521584,0.14299168205283586,0.7615106317174722,0.6182180633162611,0.10112267612279024,0.08410680611499743,0.70096913145912,0.07276300636419353,0.8218600592903562,0.7062422271564962,0.08134878064189976
45,A,1.7682750337466346,5.616957599151622,laughter,control,47.01362208201482,52.17507905693561,59.07494768417256,49.85962890656889,71.89750287809187,0.4933045983062496,0.08483771408519192,0.9866395785011755,0.3742707957561203,0.3706421470668909,0.8127995672575026,0.9472485773838587,0.9860010638228709,0.7533781852589416,0.37625958553091576,0.08350071669866876
45,B,1.911416161073766,2.1222624913451402,laughter,control,42.841901311313826,69.45871284827683,50.358945497677,46.16817482013927,37.400800336268446,0.4933045983062496,0.08483771408519192,0.9866395785011755,0.3742707957561203,0.3706421470668909,0.8127995672575026,0.9472485773838587,0.9860010638228709,0.7533781852589416,0.37625958553091576,0.08350071669866876
46,A,1.8329630358964608,2.9420754184254623,laughter,interaction,51.09732639187793,56.91620680950867,68.65003233997474,43.90504418181941,37.034982325191706,5.281213256816559,0.7771469159274368,0.558404249735805,0.4242220092469763,0.906354385094736,0.11119748230615134,0.49262510429085915,0.011353644767419069,0.46866064199412627,0.05630327568183735,0.11881791626807192
46,B,4.845248468819287,3.5526186316985005,laughter,interaction,48.160638445910216,62.86148455106442,58.20482438271226,38.53508792400432,34.87404499161184,5.281213256816559,0.7771469159274368,0.558404249735805,0.4242220092469763,0.906354385094736,0.11119748230615134,0.49262510429085915,0.011353644767419069,0.46866064199412627,0.05630327568183735,0.11881791626807192
47,A,2.091280506394869,4.04566227210673,laughter,interaction,55.13795413580611,58.048031787338054,61.03713869390598,50.62502733249476,33.63275008700659,4.87435370230354,0.11752624677710488,0.6492103021160636,0.7460448792654233,0.5833687650971596,0.9621725484745419,0.37487057952370406,0.28571208628186073,0.8685991281894603,0.22359583851945264,0.9632225394406113
47,B,3.0740036999431792,2.4544583944904814,laughter,interaction,47.05633338981694,59.30253345953541,51.32566067964786,42.19525993674657,62.0569146008143,4.87435370230354,0.11752624677710488,0.6492103021160636,0.7460448792654233,0.5833687650971596,0.9621725484745419,0.37487057952370406,0.28571208628186073,0.8685991281894603,0.22359583851945264,0.9632225394406113
48,A,6.380730459436071,1.6890209484352212,control,control,64.14963691496664,50.39741695910427,51.57361501290296,45.28891827697301,64.9468857536438,-1.233250848791438,0.012154474689816341,0.969878826707639,0.04315991195057611,0.8911431136980711,0.5277011090862999,0.9929647961193003,0.07379656473539886,0.5538542844013208,0.969302535619099,0.5230978441701488
48,B,3.843769841577234,4.663720254649796,control,control,51.25046031166447,50.11348478976219,67.31320579909178,60.751242752172885,51.777558935804024,-1.233250848791438,0.012154474689816341,0.969878826707639,0.04315991195057611,0.8911431136980711,0.5277011090862999,0.9929647961193003,0.07379656473539886,0.5538542844013208,0.969302535619099,0.5230978441701488
49,A,5.0053464311261635,2.7317833194415346,laughter,interaction,47.43182972074268,52.67050385348453,46.21707116462971,56.32116101268378,45.32287227859143,-7.061365759934201,0.6293986381352625,0.6957486889846172,0.45454106476777323,0.6275580800840634,0.5843143119231002,0.901158010490989,0.04544638034145787,0.2809631895922303,0.9504114840765587,0.8902637838909163
49,B,2.033919227209779,4.487429328535674,laughter,interaction,60.2428658177939,57.344528074503,55.4677935416524,40.212333521387464,67.91143786862627,-7.061365759934201,0.6293986381352625,0.6957486889846172,0.45454106476777323,0.6275580800840634,0.5843143119231002,0.901158010490989,0.04544638034145787,0.2809631895922303,0.9504114840765587,0.8902637838909163
50,A,2.1537341128520247,1.9261762916452139,control,interaction,33.77476369802248,47.166846841673866,47.337624678385424,53.51891067906436,51.739080416565045,-4.37242766223566,0.45565675278571294,0.6201325978015367,0.2773811829811327,0.1881211597237613,0.46369840493998216,0.3533522280260528,0.5836561118508721,0.07773463696498484,0.9743948076661665,0.9862107444796029
50,B,1.2452116975988732,3.886840611128905,control,interaction,53.40988352277134,51.22053934503005,47.313639416126975,51.327806982641555,60.894367093604345,-4.37242766223566,0.45565675278571294,0.6201325978015367,0.2773811829811327,0.1881211597237613,0.46369840493998216,0.3533522280260528,0.5836561118508721,0.07773463696498484,0.9743948076661665,0.9862107444796029
